30
9024  12023  -13361  4223  7989  4466  396  14076  14050  571  -1023  1133  11871  14746  -15194  1403  9339  -13135  1891  13439  -4096  9649  -1546  -11440  -7624  -13235  -11628  5976  4783  4719  
4563  -9234  6203  -1750  9159  -12576  -11462  -7695  7275  -13490  11547  -8186  4931  -10561  -3808  15924  -7616  -2962  8801  3265  -13340  -15643  -3307  -13409  -13146  6093  -16115  1250  7064  3589  
15233  -5257  7751  14833  5647  -11758  -11293  -2027  -4863  3688  -1120  2530  16079  7327  -1445  -2865  7908  5890  -15487  -10324  1445  -10758  -14035  10803  -7760  -13255  14224  6881  -12703  -3271  
-106  -252  5019  -9243  -2874  2324  -11579  14230  619  14662  1298  -4800  15345  15455  12038  3822  -13167  11462  -4810  -15509  2609  -5666  15951  -1982  12165  -1646  11865  -4119  379  10290  
-14531  58  -7210  -9603  -5499  5410  8472  -14849  -1948  -13411  -5722  925  -6154  14562  -12761  12398  13512  12762  14637  4300  -14949  9943  11287  -5717  12389  -6269  -15562  1066  -103  -7401  
-15058  3944  -9048  14541  -15969  -11111  -15416  11415  773  -3751  9460  -11247  -10275  3135  5684  4020  -2294  14262  -1250  9293  886  -2296  -14947  2222  -3332  6588  13297  15268  -9082  -7902  
12279  13865  -3726  9260  13227  -12838  9787  -6785  -10517  7083  -12715  4042  -5506  15065  12120  -13225  -15276  -3040  -12447  10208  8463  10543  693  -1629  16067  5209  -856  -16200  5370  12429  
-6210  -5213  -12804  -8824  -14065  15910  -6835  5193  13040  -13991  3958  16325  2767  10748  -12536  3549  -6561  267  -9505  -13171  -15370  -9581  14756  10086  8755  -2363  13973  -9922  15075  10568  
5001  9766  -6875  -15660  7214  12700  -7475  14589  -362  1282  7431  76  3314  -9649  5181  -13164  -13155  -251  1850  11139  -2468  -7325  5519  11640  -13340  10715  -7883  4244  -6500  -13626  
-3211  8724  -7259  8279  -5883  -13858  4376  -4403  10612  -2983  142  15597  11719  -12670  8934  4272  6757  2109  -11966  -7111  12336  4328  -6317  -6391  -9995  566  -11561  -8330  -11514  11579  
15455  -16295  -16347  -573  11606  -14584  7076  10216  -10433  13700  -9269  -11292  -8130  -781  -15750  15395  -10022  -5040  8463  -3683  16129  14177  5002  14946  12876  -5655  -2320  15990  15749  6944  
7917  -2336  -9881  -2720  3772  4862  3236  -6623  14668  -14309  -13011  2599  3227  16195  1709  10746  -13210  5462  -5546  -9577  5  8540  -5151  5733  -2159  -2792  4048  -7574  11335  -13344  
-4361  -11329  49  -9300  4922  2369  8451  15468  4504  -4726  4675  -9825  1385  -10976  8876  8737  -12061  -13077  -12075  -5564  -14621  11501  -7410  13347  8683  -15571  13962  -11725  -5018  10996  
2500  6171  15924  9276  -14821  3526  -3230  -154  3263  -10058  -16327  -3797  2769  -12389  -14725  -7467  -10042  -5084  4073  4783  -5875  3861  4616  6330  -13839  -13670  7973  9121  16064  9946  
-5993  495  -3027  5328  -2492  -13440  -11277  854  14183  16181  15291  -13693  4240  10476  6976  -7881  2796  -7248  15793  4340  2246  -13268  -15785  7152  9038  14182  2167  2408  5529  -15958  
4730  3126  -10006  2499  9291  14246  -10704  11378  8449  -2426  -12081  5144  -5186  -1924  -4445  -3914  -12330  2461  322  -5097  13364  2106  -2942  -4532  7674  -4867  1596  1625  -14744  6453  
11087  -13522  -14337  -8337  -14873  -14119  9958  -1466  4351  -12807  14476  -6788  -6876  11638  11919  -12983  14972  -14225  -14115  2034  3080  -2956  -3303  -12898  38  4598  -11968  8806  -1446  -6405  
-116  9899  -1459  4630  2456  -15956  -5098  10647  -9018  -9641  -12871  -9473  14814  4704  -12819  7863  -5641  14225  -14301  -11263  15003  -8351  -15933  -9938  1318  -7993  -13127  -3054  -14993  8272  
-3280  7861  938  -7568  4253  3147  5517  6165  15360  -1434  -1358  -9854  10087  8811  -10179  859  6323  -8382  -10306  10748  -8290  -9390  -4775  -10481  -4867  -9555  -14044  -15010  -4285  -2681  
-2096  3813  6215  -10515  -2420  300  -4025  -11340  15910  3028  -9684  -4689  2419  -657  11535  5925  -9486  661  1789  -13695  1452  6964  15607  -13748  15710  -1497  3133  7513  -3622  778  
-3891  6975  -1621  -9651  -15066  7436  -12296  15240  3921  9784  -5717  2574  7970  6616  -6703  -12347  -7748  -12268  7492  7733  3667  8155  -10872  1502  4150  12502  6900  6095  -11764  10650  
1554  9588  -12707  3617  -4024  12976  2389  -7557  -9289  -12757  -10299  -6719  4707  -15378  5995  -1717  -16236  -8659  15475  2082  3709  10339  -10179  696  -740  -5979  -671  -15657  2657  -15569  
9457  -5160  -8046  15428  -1794  6933  5358  3125  10333  -863  14737  -1601  10154  6198  -14697  11929  910  -5522  7812  14926  10302  7734  12772  14153  -15804  -1408  1582  -14802  7298  -10183  
9198  -11407  8052  13435  12323  -9439  -10827  13059  13542  7940  6597  9445  -8883  745  -12023  -6274  10383  826  -10221  12203  -10135  -1583  1060  5432  7872  9484  -8721  -3428  -12665  9508  
-1632  -4893  5091  -7238  4125  14315  -2163  6579  15756  -5421  12665  -6330  2325  -1871  3765  12883  6633  8579  -4461  16119  15747  -4247  6922  13917  9006  5137  90  4055  -3897  14962  
2031  4141  5316  8381  6792  -11467  -1675  3728  3480  5027  -630  -1171  -20  9507  -10794  -1684  -5745  -11099  15442  14380  -7445  8952  4197  13327  -6352  3483  -13214  -6745  5626  -9776  
-2989  1387  14382  5617  -7691  14255  3108  -15097  4611  13523  7436  -5991  -10569  -15942  10634  -9022  5007  3197  -8796  14982  -6579  -16031  -7202  13414  -7871  -5113  4515  8498  15050  -1821  
13031  10527  5659  -5393  14603  -14054  -14021  6561  -12031  8283  -15281  2842  9392  15420  -484  16032  -13414  -10676  2504  -1202  11964  14495  14816  -2294  -7243  15465  -2912  -5704  -15573  5835  
7534  -8019  15979  -6163  14247  -6553  14415  -16307  9886  -11653  -6811  4183  12002  -10802  -2227  13877  7360  5896  5987  7656  13321  -3258  -2913  10136  -13034  14096  -5959  -14296  -15608  -7286  
-1904  6158  5972  -11282  13260  -15262  -4480  -10439  14274  5684  -13785  4645  -9831  1059  9283  15704  15275  555  -12372  5083  -11730  959  -15909  1485  6932  -7144  10740  857  3375  10444  
