50
-1788  -3099  665  -11614  16262  11660  8787  12453  1069  207  3372  -5769  -2083  11399  -11803  12008  11002  -12770  -4974  -12345  10214  8703  -10941  7161  5829  10315  -7708  -12601  -12668  462  -158  -3204  -2279  6449  1552  -2000  8460  -5007  11592  -7457  -2506  2704  -7595  -9026  -6199  6538  1680  1998  -624  -1910  
-10038  -11599  10872  -11682  3562  16061  -13744  13352  -9001  -13233  11469  -937  409  353  -11823  13782  -1093  15967  15084  13187  3059  -10953  -2524  -29  13573  5808  -14863  -2796  -15388  -13828  2700  4355  8986  -15728  -12183  -9761  -661  2099  10242  -6451  -3147  -15019  10967  -7971  -5605  -4189  -11853  4156  12386  -8488  
48  -13908  2459  -14890  -5763  -12238  -10493  -15883  12895  -242  -5593  -2917  -2954  -12304  -15796  -9459  1730  4457  14605  -10108  12134  -7776  -7610  9860  8875  -16058  9009  8041  -3257  -11572  -15153  5955  -10272  6611  1418  14051  -5684  -12572  -4584  3382  -16101  7009  -4702  -13614  4567  -11845  294  -9265  11914  -2586  
-5606  -11304  5121  10762  14418  -8063  -7600  -11396  11043  13787  -6378  3052  11721  10567  7426  13024  -3322  -4473  -15210  13153  -3060  11035  -1493  -11789  -10595  -11318  -4810  5835  -399  2175  7369  10301  -12840  -7594  15709  10612  -9824  -6153  11214  -3739  5177  7203  4519  11781  13335  -9588  7840  -14406  -9896  -2326  
-1179  6416  13991  -11701  -9831  -12626  -16032  -9558  -15077  904  11508  10436  6792  -4778  13712  12327  -14591  11588  -519  13708  13614  6379  1211  -154  2946  3968  -2942  -2885  8129  12107  -11320  7731  -15424  -165  -10320  15727  -12435  -7815  -8654  -4453  3086  -8102  -11399  2119  -6962  11801  1673  11634  117  -6428  
12581  -14872  10359  -5131  14064  -12081  8496  -5437  -8238  -14980  -10386  -7046  4509  -2421  1840  -13911  -13071  11054  16301  -453  -3747  -7483  -5992  -9815  3270  -2385  11427  -2194  14861  3680  -4798  -5190  -11540  6580  9137  12394  -1759  -14973  -11464  -8648  15055  7798  -3922  1583  -10719  -10727  -7364  16227  -8144  -8655  
611  15582  -11481  -12721  13632  -35  -14427  -14427  5903  -1475  -8862  -13543  -15121  13616  5910  13720  14564  -12236  11670  -10579  -10718  -5050  7744  -10926  2697  -10414  -1894  -10490  10604  3055  12086  7455  -7274  -9911  -4135  3170  143  -14498  -14629  -11567  15643  2926  4561  8132  -3324  8364  1386  8763  -4583  -9926  
-13673  -16013  4727  -1196  -2321  -15433  14343  16076  -7087  -10375  -8376  16054  11211  12961  9039  13156  -14406  15397  3340  2197  8499  -3110  11214  9193  3234  3210  5897  -4200  -1615  -5050  15704  -668  -9620  1789  9406  -10804  1442  -14514  49  -14461  6286  -1637  15961  -13536  7094  -4769  -2667  -12521  -4332  -16191  
-11969  -24  -16012  2665  -7119  -8042  5917  -10862  1159  -14501  9139  9312  5287  4762  -1188  -5004  -8833  10773  -8414  -15937  -8690  8288  10393  9107  13350  2198  6337  8192  624  -11190  3629  -16035  -2128  -12864  -6555  -1499  -9398  605  3722  773  -15610  12637  1848  -8398  -10736  4804  -8272  -1280  -16061  2711  
-5065  6321  -16218  7243  15289  -118  -7625  12926  4274  8493  -6680  3813  -7857  10530  -8472  -2426  8912  10935  -1501  -4569  -7120  -7926  3596  6918  -1016  13668  -10342  7114  -12879  -56  2192  -4678  -5720  13772  2818  12845  3383  -1112  7701  -6079  -15022  -13427  12294  -4400  14528  10040  6510  -7520  -8837  1990  
7620  11482  7512  -54  -10973  -10818  11754  -15459  -7347  -4204  8100  3061  8177  11750  -6081  1721  5161  -788  -5029  -13804  -3769  11592  -13207  -567  -6959  2036  -1848  11974  -4662  -8584  -11986  251  5939  -5280  -11446  13164  15314  5869  7336  10885  14130  -3061  -15404  -2898  10219  2435  -13118  -736  10019  15218  
15469  -7945  6485  -5894  4031  6792  -942  4663  6577  -2316  -10619  6772  3251  2558  11130  -1377  13134  5145  6562  -2053  7176  3781  1360  13077  15496  -11492  -2808  8953  -12294  3752  761  -12123  -2891  -1416  1992  -6466  -13029  2163  -7537  -5758  10177  -1300  550  11006  -3375  6774  5025  -12415  -340  -519  
-1511  -2480  -11309  6405  -3152  -9573  8199  1127  4047  176  -337  13562  -9550  -15505  8315  5312  -7641  -10754  5703  12849  -2158  3518  -15550  -1581  -11467  2173  14927  11787  -850  749  2731  4403  7361  -3244  16336  -2580  7256  15494  6298  10678  13512  3345  14761  -4674  -10922  16055  -8442  -3594  506  -13791  
-12023  1643  3939  8913  8314  -2348  -8134  3929  -4618  -15258  1963  -11830  -16236  12784  -2782  13424  12233  -10717  3410  -12612  -7031  10289  -11140  5762  13743  15003  3566  4453  -7265  6211  -2870  14991  14122  -2103  -3576  -3931  1970  14612  -3138  -7  -4978  -7889  -13921  7426  7599  2135  10946  -7414  -14460  -4526  
-14170  11047  -10724  10498  4978  -12436  -1141  8505  4993  11872  -2674  -11825  -995  687  -10638  -782  -9333  -7392  -10959  -13378  3145  -313  -5921  3085  -13421  -5764  13124  145  6443  3212  -309  -2272  -15270  4014  -11365  6478  -13774  -12744  -6141  11073  -5865  11410  -4069  11457  3454  -7701  4264  4239  -1037  2604  
-1727  -520  -9119  5162  -5712  -12119  2702  -8160  9883  -13627  -12315  8796  8548  11573  -5512  -8648  -10419  10816  1349  3404  11232  -6565  1464  -14622  -15730  -1214  -11662  -1110  7062  12615  -2231  6576  -2008  -7446  -13680  11402  -13878  16043  -2152  -12842  12540  -9444  4726  -1564  -12521  -11974  6407  7343  -4229  -12035  
1330  -5358  -13335  -7122  -11155  -9160  -4050  -11399  10371  -10411  258  -7741  -6764  -5741  -5585  -11842  -3747  6224  14326  -5702  -2119  9094  8110  -5698  -10136  -13174  -1106  10199  8720  -2822  15981  -14672  16001  10736  8424  14947  13373  -4228  4164  3983  8504  -8110  7861  10411  -11556  -2625  -1122  -6759  8016  3042  
14074  -5762  -7174  -2536  -11270  -3374  -12989  14264  -4369  -1613  -13414  13569  -1429  2175  -9797  -4016  -10333  673  -1999  10134  -12776  -12885  537  -6646  9847  4262  16170  -8677  -4931  -603  -10510  8105  7582  -9823  2402  -396  -15576  13952  -12147  15573  -15196  4983  -12371  -12628  -4675  -10350  13159  -14183  -3868  -9583  
-6320  -12433  -5902  -4106  -15185  7141  7695  10332  7813  -6513  4563  15626  -12598  -12275  5804  -9784  10490  6531  -2432  14578  -2608  -16055  -4973  -14902  -9135  -10269  -2390  14610  -9203  8499  -16015  -7205  15522  -10771  13338  7320  5761  6476  -8377  630  -9995  -2301  -11478  2800  -3743  -649  8426  3485  -2103  -14293  
2889  -15795  1171  3707  10885  -6827  5007  2702  1915  -2521  6198  -13178  -3566  -15322  10031  -12807  5847  15800  -9960  -9819  6117  13724  -13694  7007  11528  4734  -8899  -5043  3874  7368  7895  12117  13005  -8516  -1953  -11819  5697  -13632  2926  -15211  9849  7160  -8087  250  -111  9498  -13824  -4484  3187  382  
8698  15449  -13902  -9099  -15563  907  12214  -15652  -6936  -15112  2074  13041  15148  6122  12882  -8603  187  7358  7057  -11598  -12809  2016  -4631  -1106  -7890  -9993  15029  13408  15388  4700  9268  -9709  15025  1233  -13706  5546  1813  880  -132  -12493  3818  5089  1691  -65  -8751  -4400  -7391  -10896  303  -7010  
-1477  -8749  -9935  -1449  3094  10864  -1267  -11547  -14267  9120  2187  14467  355  -609  8389  -9612  -15367  994  -12758  4852  -11103  11947  5577  -13969  -9876  14042  3021  -15119  12930  7174  4419  734  -14840  -12084  7972  -6685  -15545  359  -15729  -11988  8458  10369  11862  983  -9401  -6583  1468  -14167  13314  -12858  
-15235  -12800  -1169  7275  -6129  14857  9047  4075  15912  -12493  8636  -12721  -896  13540  -6464  5189  1496  14442  -5693  7611  59  6708  4556  -852  8324  15170  -726  -11718  -12512  16090  -5029  7678  2581  -2947  -11220  6044  10307  7705  -9438  -14694  -7702  -6528  -14823  -13198  -15763  7193  6187  5349  -6314  981  
-5677  -8045  12441  -10139  15186  -8759  -14819  -13909  -14766  -15462  5752  4206  4810  9009  13051  -5551  -11487  -7323  11502  4614  -13418  6798  -10212  1983  -14113  14999  5779  15845  -5616  -15531  4517  -499  -15937  -4329  1074  6696  4710  3455  -1494  15865  10760  144  10573  -2867  8472  4103  -14539  14182  150  1775  
151  5688  4987  -12432  -2618  -11304  -6313  232  -8072  945  -16327  5181  -14643  249  975  12913  -8307  -11805  -8242  -11914  2993  -13546  12180  4932  2342  1887  -6899  6954  -15667  1954  -1837  -12959  -7738  3863  9625  11495  1006  4018  -3383  -13430  15270  15075  -11668  67  15575  2688  -10677  -10298  -9421  -10752  
-16301  -3241  15805  -14359  -3522  -13857  -5237  -14453  112  -193  5578  10991  -5089  -14876  -15612  -15093  -14153  -356  16286  9271  -12163  2728  -2139  5349  11378  1042  7626  15500  -3206  -12223  -15446  -7963  9405  -16182  -14509  12122  8526  13961  14852  6332  -5877  -1295  9269  5428  7876  -15456  -13609  -7044  6047  5174  
-9763  7758  -1606  -3480  6139  10013  11795  8272  1966  -8956  10661  -12025  6524  4348  -11820  2934  -11395  8273  11  12137  4634  -15785  -5980  -12059  -14827  -8615  -5880  -8772  -11318  -558  279  -16034  -2124  11999  -1078  -1294  -11214  -5387  2838  -9818  3211  -10801  -9452  -11453  4400  -5973  -8096  10500  322  -8778  
-6721  -12632  -15020  -4155  7428  -14394  -14478  -15803  14132  -4255  -5022  1397  -14360  -8772  12841  10963  -2061  -8081  6098  15827  -13499  14523  12906  13527  -497  5147  4943  -12708  15656  -3301  -7253  -12687  15792  -3475  -9925  12398  -2061  10810  -6059  8418  2447  6070  -10455  -11315  730  -15113  5703  2832  9086  8967  
609  -7903  -13722  -13768  -3246  11267  7390  5303  15456  3190  10485  -14492  446  -661  1830  15585  1877  -2118  16184  -14615  -9019  -489  -2973  14820  2726  9539  7348  -10568  9491  -4993  -14413  1761  -6295  -1466  14402  7876  15692  4411  -10808  6720  -8981  -11935  14479  1927  -10619  6538  -10901  5164  15661  7442  
3229  -3971  -13110  460  8182  -750  12641  6717  -11200  -2394  -11369  4104  -15911  5158  -12687  4778  6305  -13560  -3489  -8601  -9450  11742  -1671  12164  -11074  6443  -12024  -2633  -12346  8821  7240  -9252  -12824  -613  -11156  -2071  -14190  -13207  10723  14116  15428  3178  2778  -9580  825  5885  -3326  6069  -15541  -6229  
-5997  12656  -3311  7352  -13679  7497  14922  -6664  -11186  2267  12670  -10780  -1488  -11391  -15134  -14099  948  -12201  15997  -10479  1715  -7071  15241  939  10212  -10999  4380  8079  -15197  -9521  -7161  4438  -5648  -13252  -2050  -2057  15547  -2793  -1542  -9320  14175  -4644  -13860  -8029  -8084  1898  1875  12571  -8535  7932  
-6657  4145  3673  -4518  3287  -13294  -1090  11345  1224  516  -6436  4448  -1378  -5967  13439  5300  -10200  5314  -3969  -2729  -1897  -5200  -15037  -7260  -984  14551  3204  -8450  -253  6349  -8877  7105  14178  12017  15198  1401  16117  -9913  -13457  12626  2950  -10621  12597  -11056  -9511  4707  -1465  5312  5590  3138  
14950  -16273  -4375  3051  15618  -13031  16298  6315  -4096  9636  -5703  -6486  -5189  8846  16108  11898  15433  15909  13485  8945  -12289  -9994  -6499  -1740  12087  8839  11390  14101  -7856  -1463  -14513  15263  8951  -9016  -5704  13806  -11867  12581  8105  -443  12393  2758  -9921  1370  -5656  13132  7399  -12812  -3166  4293  
9413  9400  13943  15395  -5289  2624  8297  -9234  -5291  878  931  5941  5852  -15360  -6469  13514  -13876  -6300  10804  15023  15215  11213  10055  8651  13147  -7290  11234  -3615  1433  4231  -2062  -9789  6662  -8634  8158  6083  762  -4657  -1965  -14741  -6360  10263  -4281  -7826  -15675  2701  -2504  5853  -15379  8691  
-7755  14494  -14782  10092  -7648  -7653  12758  -3114  -1614  9783  -16053  15705  5055  -9850  -3272  -11456  8508  -13123  10959  -13304  -8578  2919  -15427  -9801  9796  -3366  7506  14448  -2568  13674  -7966  -5309  1842  7644  1899  15177  8830  10014  -7561  11505  3935  15413  11332  -8299  -14956  13430  -7389  2897  -15463  -8199  
-3042  4372  11889  14411  -1827  -12041  7843  2403  3275  15054  16003  9943  -652  -13059  7602  336  -9679  -2674  -8728  12348  9992  2432  7409  -15422  14030  -14751  16374  -3333  -3954  4639  1022  -1441  1071  -4837  -2124  15997  -11696  -13697  -15765  1776  2935  -15662  -9121  -6770  -13717  -11063  7230  7650  11742  10336  
15847  8413  13647  2090  -14735  -3896  -6865  1253  -5777  381  -2493  -2222  -11406  -5929  5193  -11196  -560  -3225  -4130  1782  -4188  -3736  10143  -14943  4118  -12299  -13169  5198  -4643  -11654  1465  -5655  8194  105  5910  11160  9190  6958  -12368  -3509  -9082  12388  8968  -12653  5886  7241  -3659  -329  14412  4207  
-15025  -13563  -1961  -3403  907  -922  -12752  10358  -9049  8501  -3689  8704  -1783  5201  5569  14920  10787  -1423  -16040  16092  8857  10680  -6204  13336  -1626  12170  10153  10653  -580  -5987  -11600  13055  6762  -8365  8843  -10050  -10877  -7097  16179  5496  10109  5413  -1420  13148  13079  -14912  -6996  7650  8254  -162  
7888  -1095  7730  2646  3503  9473  -12059  13790  -11653  -13893  11684  -11746  11397  -9090  2808  4233  10312  5483  -6193  15980  16297  8547  11735  3527  -12419  -11913  -3285  -8099  1612  -8545  -207  -14073  12372  5551  5826  14157  1233  -120  -11380  311  -10116  -9845  2741  16225  -9902  -3500  1729  12110  14230  16036  
6326  4094  -8167  15006  -15234  11459  11193  -5321  3212  2640  10280  5096  8387  -5613  -8721  -2907  -2925  6085  14258  9235  101  13631  -4427  -9738  12857  -1905  8351  15848  -11891  4171  -3458  3665  -9599  8741  -6900  13203  5178  6080  15921  4997  -6524  11714  11208  14627  12987  -1749  934  9348  13291  -10523  
-15144  -10484  10806  -1637  15917  -4126  -10890  2511  -523  -4956  804  3111  -4345  -7590  13177  520  -14583  -15703  6610  -1946  10731  330  -935  -1829  9909  11706  14050  4342  -3709  -10958  -6893  -7211  -307  -16167  -2104  -1546  -7188  -7111  14773  -15542  8410  4079  1870  -117  14138  15527  15843  208  12952  584  
9744  -929  1521  3948  -8876  -8766  -7562  13587  768  -12259  -5235  -9576  11347  -3650  -5095  -4636  -7197  -6666  -3845  9185  14398  14631  -4903  7473  7634  -13537  -14051  -15583  10250  13220  2113  -3880  -8774  -10928  -8885  15573  11453  4768  -9069  -2408  -16163  -9913  10700  11422  -15886  -2104  -14526  -12653  15694  -3773  
-5535  16324  15961  -15473  -1673  -4653  -9607  -11382  5819  16302  13365  -3155  -9075  -3903  14745  14564  12031  11371  8668  4508  -14699  -593  -4544  -11491  -10167  -6355  -3526  12570  -302  14160  9939  -11386  -14042  -4920  -12978  -342  4670  16187  9483  373  1561  8247  14507  -8685  -2045  -14228  1653  -7999  -4585  9496  
2040  6367  1539  14786  -8974  -6074  5899  -13781  7537  7389  13649  -8062  5944  -14233  -1453  983  -1436  -13665  14005  13010  14672  -15993  -3775  -2395  8117  -11267  -10452  8767  -6890  2703  410  4546  15963  10896  13413  -456  12988  -14485  -1510  14722  14304  -456  -16059  -6512  -9914  3981  -8465  472  -4379  -13417  
6756  -12800  9999  1129  9786  -1826  -6245  -1389  10894  3235  -13757  -2057  -15215  339  14411  3288  8004  633  -5788  9012  2431  15640  -13873  -9132  11576  -13852  3013  -4959  -13310  1970  -6121  -5703  9428  -1490  -11758  16066  -6388  204  8869  15103  -10573  -1535  -314  -4448  1539  9906  -751  -13857  -14298  -7699  
-12622  12872  -16063  215  -4218  600  14257  -4379  8573  10058  2709  -9649  14147  -11986  -3700  1218  -3553  -5829  -5696  3158  -2277  -15770  -3037  -16193  8037  14388  2296  -10041  10229  12236  -7018  7164  1136  12112  4456  -11099  -9908  -147  -11463  7675  -7882  2865  -10322  -7530  -15952  -3555  -12268  7974  4863  124  
-10148  15715  8004  499  -12444  6983  7401  8792  1145  4730  -6082  -12089  -8679  5134  100  -9997  -8707  11372  -13461  9915  9815  910  -6729  -6146  -7080  11631  168  175  -15371  -8512  5242  1324  -12053  -9763  -5783  11979  -5888  10239  15385  -330  9100  -3405  310  762  -11719  4491  3159  -3622  -249  8211  
7721  3945  2963  12294  7625  4440  -10856  -5182  369  -2804  1206  15610  10839  -1037  -6798  -13397  14290  -15847  -2689  -5807  5567  8950  1340  15450  -13789  -8053  4733  16347  -14830  -16211  -16242  -5246  15823  5280  4469  6092  -13260  -8473  -15240  -3465  -6828  2907  -545  5947  -9120  -4741  7163  8373  199  -1789  
-8857  -14940  5793  -5952  15502  -10665  11854  -14430  9325  11878  8026  4115  -7525  -4447  10916  -10873  -1402  4934  1984  11348  15871  14967  -7783  -15419  -12551  12010  1627  -6551  -4467  2787  -12656  -11087  15682  1887  -119  11706  -12148  -13422  11519  -9624  -15982  -12140  -8710  11956  6452  11608  -1806  13639  15693  -8483  
15156  -9913  -15563  -8024  16264  -7567  -13429  10609  -10223  -2200  -13519  -8163  16244  6732  -6761  -8980  -6851  -11377  15421  -13580  -9858  -252  -10381  -562  7096  -4295  3172  -12401  -12033  -9465  1106  6905  9562  -13977  -14045  9715  -9111  -4217  -1251  4151  -10934  13598  5102  6731  1468  -11524  -9489  -10062  12421  16357  
